1 0.47836538461538464 0.265625 0.18990384615384615 0.15144230769230768
1 0.6790865384615384 0.3269230769230769 0.2620192307692308 0.17307692307692307
1 0.34134615384615385 0.30528846153846156 0.18509615384615385 0.1201923076923077
1 0.5757211538461539 0.4362980769230769 0.37740384615384615 0.3317307692307692
1 0.15504807692307693 0.43990384615384615 0.23557692307692307 0.3557692307692308
1 0.7548076923076923 0.5805288461538461 0.19230769230769232 0.33413461538461536
1 0.3293269230769231 0.5817307692307693 0.3293269230769231 0.49038461538461536
1 0.5480769230769231 0.7475961538461539 0.2956730769230769 0.3701923076923077
1 0.8185096153846154 0.8016826923076923 0.24759615384615385 0.3918269230769231
1 0.4326923076923077 0.8052884615384616 0.36538461538461536 0.38461538461538464
1 0.1502403846153846 0.7752403846153846 0.3004807692307692 0.3870192307692308
1 0.6478365384615384 0.8581730769230769 0.21394230769230768 0.27884615384615385