1 0.27524038461538464 0.43028846153846156 0.14182692307692307 0.18269230769230768
1 0.2932692307692308 0.6394230769230769 0.15625 0.2548076923076923
1 0.3425480769230769 0.30408653846153844 0.10817307692307693 0.18028846153846154
1 0.421875 0.5612980769230769 0.31009615384615385 0.3605769230769231
1 0.5120192307692307 0.1502403846153846 0.34375 0.21394230769230768
1 0.5264423076923077 0.765625 0.3269230769230769 0.17067307692307693
1 0.6153846153846154 0.34975961538461536 0.4735576923076923 0.3004807692307692
1 0.7319711538461539 0.5985576923076923 0.3557692307692308 0.27403846153846156
1 0.7572115384615384 0.8810096153846154 0.43990384615384615 0.21634615384615385
1 0.8137019230769231 0.4987980769230769 0.36778846153846156 0.34375
1 0.828125 0.2091346153846154 0.3389423076923077 0.28846153846153844
1 0.8377403846153846 0.7211538461538461 0.30288461538461536 0.19230769230769232