1 0.30649038461538464 0.6466346153846154 0.19471153846153846 0.20432692307692307
1 0.37259615384615385 0.4206730769230769 0.1875 0.22115384615384615
1 0.30649038461538464 0.8665865384615384 0.2620192307692308 0.17067307692307693
1 0.5324519230769231 0.1045673076923077 0.1971153846153846 0.1971153846153846
1 0.5252403846153846 0.28966346153846156 0.28846153846153844 0.15384615384615385
1 0.5036057692307693 0.6778846153846154 0.18028846153846154 0.23317307692307693
1 0.4795673076923077 0.8509615384615384 0.21394230769230768 0.20432692307692307
1 0.5793269230769231 0.4326923076923077 0.28365384615384615 0.15865384615384615
1 0.6862980769230769 0.5925480769230769 0.30288461538461536 0.15384615384615385
1 0.7932692307692307 0.1201923076923077 0.31009615384615385 0.1778846153846154
1 0.7800480769230769 0.3317307692307692 0.2091346153846154 0.24519230769230768
1 0.7199519230769231 0.7512019230769231 0.2668269230769231 0.21634615384615385
1 0.7151442307692307 0.9146634615384616 0.24759615384615385 0.1658653846153846
1 0.13341346153846154 0.5901442307692307 0.16346153846153846 0.20673076923076922
1 0.20192307692307693 0.19230769230769232 0.18990384615384615 0.18990384615384615
1 0.11177884615384616 0.8100961538461539 0.20673076923076922 0.1971153846153846
1 0.1875 0.40625 0.20432692307692307 0.20432692307692307
1 0.2800480769230769 0.08653846153846154 0.19951923076923078 0.17307692307692307