1 0.3269230769230769 0.328125 0.18269230769230768 0.17067307692307693
1 0.5612980769230769 0.3629807692307692 0.20192307692307693 0.16105769230769232
1 0.11057692307692307 0.359375 0.13942307692307693 0.24519230769230768
1 0.8954326923076923 0.47716346153846156 0.17548076923076922 0.17548076923076922
1 0.7115384615384616 0.4951923076923077 0.11778846153846154 0.2764423076923077
1 0.3245192307692308 0.5276442307692307 0.21394230769230768 0.15384615384615385
1 0.1502403846153846 0.5288461538461539 0.18028846153846154 0.18990384615384615
1 0.578125 0.5685096153846154 0.12259615384615384 0.27163461538461536
1 0.4338942307692308 0.6971153846153846 0.11538461538461539 0.29086538461538464
1 0.9170673076923077 0.7379807692307693 0.13942307692307693 0.2956730769230769
1 0.7055288461538461 0.7536057692307693 0.22355769230769232 0.18269230769230768
1 0.28125 0.7524038461538461 0.18509615384615385 0.24519230769230768
1 0.0985576923076923 0.7728365384615384 0.18028846153846154 0.22355769230769232
1 0.359375 0.1502403846153846 0.18990384615384615 0.13701923076923078
1 0.7632211538461539 0.1622596153846154 0.16826923076923078 0.16826923076923078
1 0.13942307692307693 0.15865384615384615 0.17067307692307693 0.18509615384615385
1 0.5492788461538461 0.1778846153846154 0.18028846153846154 0.18028846153846154
1 0.8882211538461539 0.22355769230769232 0.1658653846153846 0.17548076923076922