1 0.703125 0.36658653846153844 0.20432692307692307 0.21394230769230768
1 0.6213942307692307 0.5889423076923077 0.19951923076923078 0.23076923076923078
1 0.7175480769230769 0.14783653846153846 0.2668269230769231 0.18509615384615385
1 0.43990384615384615 0.8918269230769231 0.20673076923076922 0.20673076923076922
1 0.46033653846153844 0.7079326923076923 0.2932692307692308 0.17067307692307693
1 0.5096153846153846 0.32211538461538464 0.19230769230769232 0.2403846153846154
1 0.5444711538461539 0.15144230769230768 0.22355769230769232 0.21634615384615385
1 0.4170673076923077 0.5625 0.28846153846153844 0.17548076923076922
1 0.32091346153846156 0.3942307692307692 0.30528846153846156 0.17307692307692307
1 0.18028846153846154 0.8581730769230769 0.31490384615384615 0.1971153846153846
1 0.2091346153846154 0.6490384615384616 0.22355769230769232 0.2548076923076923
1 0.29927884615384615 0.234375 0.2764423076923077 0.23076923076923078
1 0.3161057692307692 0.08173076923076923 0.25721153846153844 0.16346153846153846
1 0.8713942307692307 0.43509615384615385 0.17307692307692307 0.21394230769230768
1 0.7764423076923077 0.828125 0.19951923076923078 0.19951923076923078
1 0.8990384615384616 0.21875 0.1971153846153846 0.20673076923076922
1 0.8052884615384616 0.6153846153846154 0.21394230769230768 0.21394230769230768
1 0.6911057692307693 0.9170673076923077 0.2091346153846154 0.16105769230769232