1 0.5420673076923077 0.6610576923076923 0.25 0.30528846153846156
1 0.5180288461538461 0.18990384615384615 0.31490384615384615 0.21394230769230768
1 0.4735576923076923 0.9170673076923077 0.2932692307692308 0.16105769230769232
1 0.4254807692307692 0.41586538461538464 0.2764423076923077 0.2764423076923077
1 0.2668269230769231 0.8257211538461539 0.33413461538461536 0.32211538461538464
1 0.22115384615384615 0.17067307692307693 0.33413461538461536 0.29086538461538464
1 0.19230769230769232 0.5288461538461539 0.28125 0.32211538461538464
1 0.08774038461538461 0.9242788461538461 0.13221153846153846 0.1466346153846154
1 0.05889423076923077 0.6706730769230769 0.10336538461538461 0.20673076923076922
1 0.8894230769230769 0.8689903846153846 0.21634615384615385 0.2283653846153846
1 0.7776442307692307 0.6177884615384616 0.24759615384615385 0.2403846153846154
1 0.6899038461538461 0.8052884615384616 0.3125 0.21634615384615385