1 0.5072115384615384 0.6670673076923077 0.27884615384615385 0.3269230769230769
1 0.5817307692307693 0.20072115384615385 0.3317307692307692 0.24278846153846154
1 0.3870192307692308 0.9014423076923077 0.3076923076923077 0.19230769230769232
1 0.44471153846153844 0.4026442307692308 0.3004807692307692 0.3004807692307692
1 0.20432692307692307 0.7692307692307693 0.3629807692307692 0.35096153846153844
1 0.2956730769230769 0.140625 0.3605769230769231 0.28125
1 0.19230769230769232 0.4651442307692308 0.31009615384615385 0.34615384615384615
1 0.039663461538461536 0.8413461538461539 0.07932692307692307 0.18269230769230768
1 0.04807692307692308 0.5769230769230769 0.09615384615384616 0.21634615384615385
1 0.8076923076923077 0.9086538461538461 0.24519230769230768 0.1778846153846154
1 0.7475961538461539 0.6730769230769231 0.2692307692307692 0.2620192307692308
1 0.6213942307692307 0.8377403846153846 0.3317307692307692 0.24759615384615385