1 0.42788461538461536 0.6502403846153846 0.3004807692307692 0.34134615384615385
1 0.5420673076923077 0.19230769230769232 0.34375 0.2644230769230769
1 0.44591346153846156 0.9026442307692307 0.31490384615384615 0.18990384615384615
1 0.5889423076923077 0.43149038461538464 0.3173076923076923 0.3173076923076923
1 0.6670673076923077 0.8377403846153846 0.3870192307692308 0.31971153846153844
1 0.8221153846153846 0.23076923076923078 0.35096153846153844 0.34615384615384615
1 0.796875 0.5877403846153846 0.3317307692307692 0.3629807692307692
1 0.8233173076923077 0.9555288461538461 0.16105769230769232 0.08413461538461539
1 0.9002403846153846 0.7524038461538461 0.13942307692307693 0.21875
1 0.08774038461538461 0.7884615384615384 0.17548076923076922 0.2644230769230769
1 0.20432692307692307 0.5625 0.28365384615384615 0.27884615384615385
1 0.25600961538461536 0.7632211538461539 0.34375 0.2692307692307692