1 0.5060096153846154 0.12740384615384615 0.3870192307692308 0.2548076923076923
1 0.4182692307692308 0.7788461538461539 0.2956730769230769 0.33653846153846156
1 0.5336538461538461 0.3401442307692308 0.5576923076923077 0.32211538461538464
1 0.5973557692307693 0.5252403846153846 0.5600961538461539 0.37740384615384615
1 0.5877403846153846 0.8233173076923077 0.40625 0.3485576923076923
1 0.7680288461538461 0.20192307692307693 0.45913461538461536 0.38461538461538464
1 0.8149038461538461 0.5637019230769231 0.3605769230769231 0.40384615384615385
1 0.21754807692307693 0.3293269230769231 0.24519230769230768 0.2956730769230769
1 0.1935096153846154 0.5360576923076923 0.3870192307692308 0.27884615384615385
1 0.18389423076923078 0.75 0.32211538461538464 0.21153846153846154
1 0.23076923076923078 0.625 0.3173076923076923 0.1658653846153846