1 0.4326923076923077 0.8713942307692307 0.3581730769230769 0.2091346153846154
1 0.4723557692307692 0.21153846153846154 0.25240384615384615 0.30288461538461536
1 0.5024038461538461 0.6634615384615384 0.5288461538461539 0.24519230769230768
1 0.5997596153846154 0.49278846153846156 0.5216346153846154 0.30288461538461536
1 0.6526442307692307 0.17548076923076922 0.3557692307692308 0.3485576923076923
1 0.7463942307692307 0.8485576923076923 0.5024038461538461 0.2980769230769231
1 0.8209134615384616 0.49759615384615385 0.31009615384615385 0.3605769230769231
1 0.18990384615384615 0.6141826923076923 0.20673076923076922 0.2692307692307692
1 0.19831730769230768 0.4050480769230769 0.37259615384615385 0.22355769230769232
1 0.23677884615384615 0.1935096153846154 0.3004807692307692 0.16826923076923078
1 0.25841346153846156 0.32572115384615385 0.30528846153846156 0.1201923076923077