1 0.4519230769230769 0.875 0.3629807692307692 0.21394230769230768
1 0.4579326923076923 0.2127403846153846 0.25721153846153844 0.3076923076923077
1 0.5108173076923077 0.6634615384615384 0.53125 0.2548076923076923
1 0.5997596153846154 0.4879807692307692 0.5264423076923077 0.31009615384615385
1 0.6346153846153846 0.17307692307692307 0.36538461538461536 0.34615384615384615
1 0.7548076923076923 0.8389423076923077 0.4855769230769231 0.3173076923076923
1 0.8209134615384616 0.4807692307692308 0.31490384615384615 0.36538461538461536
1 0.1971153846153846 0.6298076923076923 0.21153846153846154 0.27403846153846156
1 0.19471153846153846 0.4206730769230769 0.375 0.2283653846153846
1 0.22115384615384615 0.20793269230769232 0.30288461538461536 0.17307692307692307
1 0.25 0.3389423076923077 0.3076923076923077 0.125