1 0.771103385600137 0.4995954445198824 0.16214973877786976 0.19270453776078939
1 0.6980893178038513 0.2997289994538916 0.18642330694687295 0.26549147563563064
1 0.7386173958904738 0.6380836980441746 0.1281597060281414 0.18672162724904787
1 0.5946563598894263 0.4057538922342291 0.3505736919501061 0.38392861509948545
1 0.6132553793368165 0.8268047178657503 0.3695023412177332 0.2431090219117474
1 0.4413403158948709 0.22917424082862148 0.3472458926240236 0.19916823788305996
1 0.4626793680919895 0.654948814610403 0.5081014250010346 0.3390721044166659
1 0.2849551692967901 0.43946119908322256 0.3879596572913972 0.3013049945486476
1 0.21179004151893333 0.1685134041639061 0.4158477913325746 0.2543193455183417
1 0.23164152402591692 0.5557844674054331 0.4098293793065543 0.37400798826605686
1 0.27928885725014224 0.8408768019026565 0.40305510740623873 0.3114240441086248
1 0.16611640462941646 0.34240306394227615 0.29827796307472454 0.2190400259616015