1 0.2822192382986791 0.5265603853252697 0.16785716905969122 0.20503258434846844
1 0.34740922992591666 0.3328644414629307 0.1920101091672692 0.2785343781128437
1 0.31949795042794715 0.6668611528949094 0.1339514904335488 0.19566440943294475
1 0.4557959967813842 0.44894041901638526 0.3597527996578441 0.4116056233069264
1 0.4519230769230769 0.8629807692307693 0.375 0.2692307692307692
1 0.6024801923729369 0.28804922886674206 0.34616150523146716 0.22845117923162198
1 0.5956617207750847 0.7109416658715977 0.5122558469850845 0.38300299434932117
1 0.7650412713861855 0.5131293918704055 0.3906364886164314 0.33443533668398884
1 0.8076923076923077 0.2512019230769231 0.3798076923076923 0.2956730769230769
1 0.8052884615384616 0.6370192307692307 0.38461538461538464 0.40865384615384615
1 0.7860576923076923 0.8689903846153846 0.40865384615384615 0.25721153846153844
1 0.8641826923076923 0.42908653846153844 0.2668269230769231 0.24759615384615385