1 0.7592945514365527 0.3998852395591227 0.14448234921124098 0.18318121444915647
1 0.7437865447853836 0.609568033052812 0.1615443789187057 0.2559966395389399
1 0.6890034830736252 0.2748496767477875 0.11082850305739483 0.1812211011208397
1 0.6140211557853965 0.5314419114775817 0.3150708195189074 0.3630948256342981
1 0.5165154465059361 0.1207686806431935 0.3479182658157882 0.21657650980367235
1 0.513790207206818 0.7376115267536014 0.33046950952977083 0.17246723046516294
1 0.41715023440839843 0.322060599564081 0.4808691908016915 0.3033238619092231
1 0.3041518718948192 0.5700056520722039 0.3615678895817599 0.27482884987549905
1 0.2829534031385469 0.85363578968516 0.4439040186716931 0.21977298744501675
1 0.21519309085258137 0.4714005426827314 0.3856733644528219 0.3456604530960756
1 0.18901227971503026 0.18328902445839232 0.3699560811288863 0.2920757972370615
1 0.20060959734008843 0.6943044900225745 0.3057081348168745 0.19496560295994725