1 0.2959581701529814 0.3589797402617813 0.2078775529915825 0.20072388361496812
1 0.531598026485071 0.3440504220815762 0.22466252056506109 0.19380606018827934
1 0.08880784588776827 0.4347036238767493 0.17700515252258203 0.26508225898980736
1 0.8822798615903136 0.38600128871734596 0.2006799996978587 0.20300185189673575
1 0.7040805799298653 0.4431928146901539 0.16033206629162158 0.29123085164726525
1 0.3296671556229373 0.5554867151621199 0.23423594967700148 0.18676235888951218
1 0.15759636327353016 0.5921406506005034 0.20798943433410094 0.2199546528457372
1 0.5869276421718277 0.5425836095195254 0.16512577343149923 0.2889109240748049
1 0.4682441298932191 0.698485768609628 0.16041597729851056 0.3056539285703423
1 0.9264775033089294 0.6388098314249514 0.13644744159912284 0.31725356643264474
1 0.745874375494635 0.6960433166884522 0.24884083378167077 0.21826411463366924
1 0.3295404877574547 0.7838311201321582 0.22031633879525728 0.2730490646838166
1 0.1525361365900221 0.8422035895365426 0.2129789338233856 0.251288571427123
1 0.294603211585245 0.17873323801401259 0.21009959196383637 0.16951584290566088
1 0.6928243421616903 0.10568320617357987 0.193426505732876 0.19566443556311877
1 0.08977362382213866 0.23159960352209577 0.17954724764427732 0.21468540834042388
1 0.4857649214872734 0.16578208978854794 0.2079334936628418 0.21033926823035268
1 0.827229949259853 0.13939117820247365 0.19106461508247435 0.2028340147339644