1 0.6703531711070554 0.31655453108948656 0.2061904582825636 0.20283401473396445
1 0.6884793359178273 0.5533123975979863 0.200352489518628 0.219535059938809
1 0.5918854729639448 0.10514803071528095 0.27055478695253604 0.16795118256567138
1 0.6507279697304278 0.8995142863347027 0.20800563170886585 0.1956644355631186
1 0.5915399976956738 0.7184495779184239 0.2980273711010871 0.1516277709770621
1 0.4739981058398943 0.33713135114578957 0.19171822611581663 0.2313864535452685
1 0.43592961096163396 0.1648367582388613 0.22301738135948682 0.20312772976881427
1 0.49018640748127174 0.5942589710259424 0.29341590303590953 0.15394769854952273
1 0.33334813148589354 0.46669945429367965 0.3122542237816494 0.14947568056737298
1 0.39903846153846156 0.9302884615384616 0.32211538461538464 0.1346153846153846
1 0.3379831853424917 0.7440289903827142 0.22394934732839003 0.243951155093506
1 0.2459516352101168 0.32234889048300946 0.27909073986800703 0.213708178070134
1 0.18575796434095432 0.14366704857523024 0.25686745175584763 0.20611900599236
1 0.852432228449984 0.3269339959983337 0.17273283637123227 0.20465043081811096
1 0.9134615384615384 0.7295673076923077 0.16826923076923078 0.18990384615384615
1 0.796212396040868 0.10871457042417157 0.21742479208173593 0.19342842657204395
1 0.8668301326529773 0.5180187855837566 0.2132057725015878 0.20055604645219668
1 0.8954326923076923 0.8605769230769231 0.20432692307692307 0.19230769230769232