1 0.6596972256696869 0.2510084152412287 0.22683927737491388 0.21795250303745556
1 0.4420594918701458 0.3460736042030152 0.2433018953128738 0.21441987871613427
1 0.8776275391070197 0.22361522372609766 0.202729090335281 0.2782666722036767
1 0.14886624482691618 0.5447788260426852 0.21980989148285698 0.219809891482857
1 0.3314854076097759 0.5140172314004217 0.19030969167650136 0.3036160644790948
1 0.7153169684130791 0.44262336002158037 0.25237082221981366 0.20793695053252215
1 0.8834134615384616 0.39663461538461536 0.2283653846153846 0.2403846153846154
1 0.48037899873761813 0.5486700778698633 0.19253138526086608 0.3013943708947303
1 0.6538037149864883 0.63586116596025 0.19140260709339102 0.318039141402172
1 0.19867787553874403 0.8033192266164733 0.2161696789097787 0.32947605171237215
1 0.40589988894380286 0.7622315684561916 0.26916188254615103 0.24027986594941153
1 0.8154810099120731 0.6477864816281867 0.2467269313824381 0.29116080306972975
1 0.9375 0.6225961538461539 0.1201923076923077 0.2692307692307692
1 0.5807497002904666 0.08994885428727298 0.22447129397165327 0.17989770857454596
1 0.19325857613051564 0.20536178614310424 0.2120518953128738 0.2120518953128738
1 0.7974049457414285 0.07611564410259627 0.219809891482857 0.15223128820519255
1 0.405197205558526 0.16270789976693634 0.22756788765284022 0.22756788765284017
1 0.1058839160623708 0.29660035173750104 0.18153050559080006 0.21929929652499794