1 0.16544566382822418 0.11953968114038255 0.33089132765644835 0.19100243920384202
1 0.27603780316158977 0.3776275391070198 0.4618895563234317 0.45695730100049603
1 0.4632058051212722 0.6774198190352784 0.5161706879727083 0.43230065625241837
1 0.5817307692307693 0.8846153846153846 0.4855769230769231 0.22596153846153846
1 0.04389498241116095 0.28840774433565997 0.0877899648223219 0.23546933482516602
1 0.5507135049584129 0.1730868589348593 0.518765297775482 0.30063557549932474
1 0.7035179649648868 0.38712308172846094 0.5266560485740979 0.5265971139608632
1 0.7896634615384616 0.7704326923076923 0.38221153846153844 0.4543269230769231
1 0.10540097948371302 0.7740771631056004 0.21080195896742604 0.26362557996053254
1 0.853346287870732 0.20324962115107623 0.22599973195084372 0.29283603894564947
1 0.9061087656086101 0.48683174180375105 0.16618594498867048 0.3650231490622055
1 0.12218404118721467 0.5301778547749566 0.24436808237442934 0.3247787864729901
1 0.21634615384615385 0.8473557692307693 0.4326923076923077 0.3004807692307692