1 0.7934501187558406 0.08075407565206791 0.39867668556524194 0.11936818427322868
1 0.6546160178348296 0.34475360224917395 0.43404024722720724 0.38661482813731224
1 0.48283473196488724 0.6546207989570949 0.4907714524762102 0.35025189361157605
1 0.3798076923076923 0.8966346153846154 0.47115384615384615 0.20192307692307693
1 0.9172198644237896 0.2369812003180045 0.13650598811011358 0.21805557140647996
1 0.3678799955773506 0.13581735864170735 0.4998169319222218 0.2618971950212928
1 0.2371027554555913 0.3816621228488191 0.4742055109111826 0.4462378514505578
1 0.16826923076923078 0.7860576923076923 0.33653846153846156 0.4230769230769231
1 0.8477693074741466 0.72764435304779 0.197863997680199 0.23457725226535905
1 0.08272238302037037 0.17116530420063775 0.16544476604074074 0.33271522378589086
1 0.048409277749430504 0.4949710096316958 0.09681855549886101 0.3457112500326224
1 0.8389624685705849 0.48380658954142736 0.26457018342663746 0.28483672343551625
1 0.7391826923076923 0.84375 0.4014423076923077 0.3076923076923077