1 0.9182692307692307 0.17668269230769232 0.15865384615384615 0.35336538461538464
1 0.6775439192540514 0.296875 0.4364514637833557 0.43028846153846156
1 0.3956233613268335 0.47836538461538464 0.4095731254509136 0.4879807692307692
1 0.16500183978477523 0.5913461538461539 0.27572221386404105 0.46634615384615385
1 0.7454117424206514 0.05048076923076923 0.23120810022591834 0.10096153846153846
1 0.8846153846153846 0.5757211538461539 0.22596153846153846 0.5024038461538461
1 0.7098760003370311 0.7235576923076923 0.5059091241742413 0.49038461538461536
1 0.30925479861566707 0.8137019230769231 0.48940780466914247 0.36778846153846156
1 0.2634599393580671 0.1141826923076923 0.2532815850672216 0.20192307692307693
1 0.8834134615384616 0.8786057692307693 0.2283653846153846 0.20432692307692307
1 0.631608968742965 0.9278846153846154 0.3591225413376237 0.13942307692307693
1 0.510673856689965 0.125 0.3146169441491607 0.25
1 0.17217041845434503 0.22596153846153846 0.3410620906580216 0.40865384615384615