1 0.5849420482050961 0.36652319479260925 0.3036189032956481 0.338285187013153
1 0.5457604159152909 0.8298329226664153 0.3501281787484084 0.2563054545766553
1 0.5260614905863283 0.11130126335075165 0.3213537504034259 0.19282596232751092
1 0.460692848083145 0.5927153443688107 0.32324984041596616 0.31272442234507547
1 0.3153620663941033 0.17700506387768206 0.3903395174035912 0.34421520526391924
1 0.24926765242954685 0.8069678603096304 0.382581521233608 0.33670981912763737
1 0.23035822854577212 0.44673375951990785 0.3363261238515007 0.35878929616780997
1 0.13898704628294242 0.0631774642875168 0.15778178487357716 0.12145746732931119
1 0.10082092627574896 0.28688617057602295 0.1412115786838602 0.21903566738785904
1 0.9038461538461539 0.2091346153846154 0.1875 0.25961538461538464
1 0.8197007041276285 0.44438696115655446 0.2864994005809332 0.2704877485808884
1 0.7363456543302649 0.24568194670803115 0.3504924838873714 0.2611131468843478