1 0.31997079755216473 0.4790017766552347 0.3275453537565235 0.27667213788771394
1 0.790399472258233 0.41039919160876 0.24268556692413001 0.33235024053002155
1 0.08604321243706255 0.5964036119069978 0.1720864248741251 0.30719277618600455
1 0.5798916849388103 0.5450185959803414 0.2993287029251452 0.2976353515889959
1 0.1970799802067435 0.7809382544722754 0.35162803642082174 0.3613103045348295
1 0.8360926371894303 0.6976018519140484 0.2915318825746678 0.35991155102788497
1 0.5005370156535064 0.7954951771117517 0.34528155896590024 0.3083137888696585
1 0.1152607687243009 0.9509978897303952 0.18280647359756388 0.0907347220592948
1 0.3797887628165071 0.9412376050690702 0.21667015408966853 0.09872956248472228
1 0.0940776133341792 0.17687650792056614 0.1881552266683584 0.24240083031271384
1 0.3281671985710387 0.23858918620048047 0.26002782711057265 0.26789399549839765
1 0.15519880575390943 0.36272597878237167 0.24742331445240298 0.330058294656731