1 0.5484151046613964 0.3008691757086416 0.2584159877344038 0.32791404342791364
1 0.5214455529304844 0.774292281384693 0.31985307900405463 0.24093831532822918
1 0.48295014872937014 0.0724521311777068 0.2976310666895095 0.1449042623554136
1 0.4310618821304159 0.5532642252210828 0.2820908226019564 0.29834497640732505
1 0.2748224995103486 0.16349532511105866 0.34515024824950846 0.3269906502221173
1 0.22594030370167317 0.8093908339545289 0.342410746707131 0.3217780780866224
1 0.19772013544775932 0.45169676693394034 0.2898338154286693 0.3445223332242253
1 0.09579106154825129 0.0711908714767084 0.1386975077118872 0.1423817429534168
1 0.06503224312048751 0.31662708244096266 0.11060657848992876 0.21669881379196618
1 0.8918269230769231 0.10096153846153846 0.21153846153846154 0.20192307692307693
1 0.7845514533858716 0.3324729555873338 0.2528250995201381 0.26027016452433915
1 0.697019169257691 0.14973834458732088 0.31990902156880974 0.24574600763592158