1 0.4608142345214266 0.8567103337634611 0.39876237262559494 0.2687912076209407
1 0.5922096728287201 0.21208590367264907 0.3137344455520754 0.35331546410940196
1 0.4476377697347797 0.6479673693607902 0.5685840971504604 0.36165002513269273
1 0.39684503559262857 0.4605243244401172 0.5767187400072411 0.41470249093814143
1 0.4283853971041151 0.17531090893183754 0.42688305194561593 0.3506218178636751
1 0.22088446428770594 0.7783945329677349 0.4417689285754119 0.41436478021837647
1 0.186254752747977 0.4150790678343482 0.372509505495954 0.42459360649871825
1 0.7608781406140817 0.6671081837468477 0.262540368379528 0.31127512654818407
1 0.7956737006776259 0.46325583192323655 0.39218022352444903 0.30468104950779945
1 0.824669441810019 0.24752412468108906 0.33086725024820285 0.23357075753931647
1 0.7696449026000691 0.37135118161335406 0.3252623314173469 0.18778578033568394