1 0.5820532810434257 0.1648215702980793 0.3679579733633553 0.24243507657557084
1 0.526015489337967 0.8197652019376117 0.2656275261959421 0.32535703618804873
1 0.5075217487636343 0.36587015741577295 0.5391065620868515 0.29324103592741907
1 0.40610036827349333 0.5269171170282505 0.5349701805562218 0.35065332742996713
1 0.34615384615384615 0.8221153846153846 0.375 0.35096153846153844
1 0.2709929600205585 0.16712321431884167 0.5131397661949632 0.3325663314991261
1 0.18480666570775917 0.5020171415300811 0.32642296210153615 0.38895339240619664
1 0.8183311703104171 0.4452292785783399 0.21953488003720112 0.2866391900776406
1 0.80512568623608 0.6522519182693137 0.3825488779806979 0.2576982020679265
1 0.761886110879855 0.8587263798512134 0.3073583364344046 0.19566564343434578
1 0.7423048585540517 0.7242628576011536 0.30923072822307607 0.15013257460614873