1 0.3935129649417534 0.14617852272462267 0.39145162944462947 0.2566295679294673
1 0.5451926283604218 0.7985378515199952 0.30139634026692685 0.33432007866936975
1 0.49770166507442 0.34615322239929713 0.5671036540037598 0.31493909839781264
1 0.6227675873234672 0.5044592276432459 0.5697907164199761 0.3726314060901203
1 0.7283653846153846 0.8076923076923077 0.41346153846153844 0.3798076923076923
1 0.7078306731557261 0.1648753640061909 0.5454690386191445 0.31456146478157715
1 0.8269230769230769 0.47836538461538464 0.34134615384615385 0.40384615384615385
1 0.1989036237811335 0.4286067363873851 0.24912419609201344 0.29497739510328197
1 0.24213012979275012 0.6347230126109309 0.40654647197176047 0.2713044005967011
1 0.31540471272744364 0.841363779968137 0.32682437169845824 0.20986554944837665
1 0.3151445158075544 0.7068532935794845 0.3221813068644319 0.16174666708076083