1 0.736958535925392 0.9490421687987128 0.2143960476034606 0.04825247046940827
1 0.7844213025017459 0.7675365169774859 0.30848111426646313 0.39924454334263093
1 0.8975261818234312 0.16169477971785481 0.19173527914838873 0.27287090241203327
1 0.7688122158852362 0.4935133226448666 0.4152083648406703 0.4509310651891338
1 0.7091857153337255 0.1887476737450499 0.3776883728341781 0.3774953474900998
1 0.9477553710737288 0.3349930008553898 0.05597730808015637 0.11465965237941098
1 0.44679023452666705 0.794913699017978 0.6148286755752418 0.3907586262631689
1 0.4036967737639025 0.5710087924135256 0.5111941176965755 0.4518849853325711
1 0.45900058871941446 0.13514192489404053 0.4666142071765557 0.27028384978808107
1 0.34553201294475194 0.31955886640311676 0.6910640258895039 0.5147284210399203
1 0.20725264240740263 0.6929143472049699 0.41450528481480525 0.4843636132823679