1 0.8280321935613789 0.9208522067281826 0.21248961392318386 0.05565759483420425
1 0.8545673076923077 0.7379807692307693 0.2860576923076923 0.41346153846153844
1 0.9110576923076923 0.13581730769230768 0.17307692307692307 0.27163461538461536
1 0.8076923076923077 0.4651442307692308 0.3798076923076923 0.46875
1 0.7283414293014425 0.1791546717270188 0.3598576107657054 0.3583093434540376
1 0.9771634615384616 0.3004807692307692 0.040865384615384616 0.1201923076923077
1 0.5225169166446588 0.7772844540813331 0.5975586292950857 0.41137516568788474
1 0.4583633726893167 0.5554412014193523 0.4908962061595089 0.46871481343438
1 0.47199510813611123 0.13085031872807926 0.45360560088760704 0.2617006374561585
1 0.35627881166602593 0.3073572410293053 0.7085292132320516 0.5391316717875433
1 0.2398671581986651 0.6850884771376287 0.45802566196955163 0.5000153534170504