1 0.9612132714173826 0.10843871067949887 0.06492531154427539 0.21011976937274623
1 0.7692437450764447 0.11942760760428127 0.39761242889831294 0.23885521520856254
1 0.1651427571753261 0.09356551392793248 0.26586833180319397 0.18713102785586497
1 0.49374705281219067 0.18050707303290986 0.4451982020679264 0.3610141460658197
1 0.18629863771069213 0.2795896253513923 0.37259727542138427 0.36026146253230074
1 0.34086797978451966 0.019603426186216508 0.1115332712001914 0.039206852372433015
1 0.7893060733317387 0.4283937740295859 0.3941788658480673 0.6000298960729202
1 0.5568804539648409 0.5127396312860252 0.4452907930810259 0.49074621790612594
1 0.1260867450981638 0.5441810468381744 0.2521734901963276 0.454907137092882
1 0.30305393989653734 0.6355774676150714 0.5011607523894358 0.709865190050261
1 0.6724654703717916 0.7280558914302733 0.47556073641686764 0.47592188582218936