1 0.8870192307692307 0.16947115384615385 0.22115384615384615 0.3389423076923077
1 0.9603365384615384 0.5600961538461539 0.07451923076923077 0.44711538461538464
1 0.3364863308035479 0.8954686601357291 0.2639319212185416 0.18669380486696843
1 0.3066352715873173 0.6629887877871476 0.3252537822991219 0.41062046931879553
1 0.16689506597337941 0.14999685972683607 0.28007186108058046 0.2379448014027323
1 0.49531162521199074 0.9614079272084494 0.09531979394011741 0.025238542209728473
1 0.30244201982550145 0.30079438736973546 0.3431109818322885 0.39502590992986425
1 0.5153278865110674 0.7921839830621563 0.30047957903427186 0.3707725217082666
1 0.21595053150379814 0.9285653632620605 0.13481121212573347 0.12820267166425317
1 0.5313954820701814 0.47097857211005917 0.29689838742533764 0.3561953993241907
1 0.7450912200798068 0.8390788093818309 0.2872833995421189 0.23840693778572913
1 0.5136867400984397 0.1262826306187348 0.2821811725045717 0.2525652612374696
1 0.15455513592379544 0.694482312675696 0.22237915665610686 0.3514199900332232
1 0.8161057692307693 0.6478365384615384 0.3629807692307692 0.41586538461538464
1 0.7487723091047445 0.3217288686997738 0.36131147460681434 0.41293115123377994
1 0.09916975246057398 0.341609505054377 0.1669436261188008 0.31678098989124603
1 0.7400409254110905 0.06511000095124436 0.2925818508221809 0.13022000190248872