1 0.6134514531955206 0.8816004701390713 0.36188015023231096 0.15664125828853195
1 0.20421073461686895 0.8958013566352181 0.4084214692337379 0.19397420980648677
1 0.1552964967417097 0.11391293356575537 0.2519070065165806 0.22782586713151073
1 0.4159296937493417 0.16988956851559853 0.3851677166694118 0.2976341291517262
1 0.9095611057315018 0.2243211855132423 0.16599804799289467 0.26535464615981436
1 0.048433873155349624 0.23106376549908567 0.05787641837698339 0.09345546527014512
1 0.7396132002562029 0.2957491901815769 0.3689702966072642 0.31789517483873897
1 0.19824534035809027 0.31595929533017336 0.37244903810598584 0.2726145464006914
1 0.17485126621599362 0.01898558811066734 0.22241285218339735 0.03797117622133468
1 0.48693318807534314 0.44947186082030666 0.33412738920328633 0.274282650828149
1 0.0867776326209674 0.5188876743554929 0.1735552652419348 0.2747246512890143
1 0.8324611443050782 0.5663539258421146 0.2953860716240699 0.26152767833252955
1 0.45714118917115937 0.056638048712477865 0.34052531396537356 0.11327609742495573
1 0.20012257811149217 0.6635358664252924 0.3821086438472071 0.3573378345128508
1 0.5226134102775571 0.7067571321473504 0.3838829869862777 0.33589944337074995
1 0.8090377334187343 0.08104507539542384 0.3013386040560573 0.16209015079084768
1 0.8219308419117776 0.8046290314366558 0.24518508151097862 0.2670223538551061