1 0.12620192307692307 0.8019492615555935 0.2091346153846154 0.36301042464377475
1 0.055288461538461536 0.391268339494685 0.11057692307692307 0.4363828328355238
1 0.7307692307692307 0.0938398083043311 0.25 0.17358209029034807
1 0.7451923076923077 0.3247768667678275 0.3004807692307692 0.3977271795279702
1 0.8521634615384616 0.8440504349874771 0.2644230769230769 0.22903837952307526
1 0.578125 0.017544401104122264 0.09375 0.02272549539734207
1 0.7259615384615384 0.6863319426626528 0.3173076923076923 0.38349990158153646
1 0.546875 0.18545000520244412 0.2764423076923077 0.3613897743965018
1 0.8509615384615384 0.06999798780782686 0.125 0.12164681437594327
1 0.5096153846153846 0.5035260657102066 0.27403846153846156 0.3445348800372011
1 0.31971153846153844 0.12511441132545253 0.27163461538461536 0.2291222933702081
1 0.5084134615384616 0.8617788461538461 0.2668269230769231 0.27163461538461536
1 0.8978365384615384 0.3049184278141902 0.1971153846153846 0.34363979900111763
1 0.22716346153846154 0.3103355938769916 0.3557692307692308 0.3983705190226552
1 0.28365384615384615 0.6391179190128654 0.33413461538461536 0.39811877748125657
1 0.9278846153846154 0.6586334534592949 0.13942307692307693 0.31171848822405496
1 0.2800480769230769 0.9158653846153846 0.2860576923076923 0.16346153846153846