1 0.3293154854098913 0.07992602079537907 0.2403617400505519 0.14524575819757518
1 0.3188340052967117 0.46730773306721207 0.2933913684159681 0.28875156442314
1 0.37492371492018883 0.21717037916403223 0.2516331324805149 0.3305098003585932
1 0.5230463988551187 0.024267469626094065 0.08455433617177582 0.014957276279353778
1 0.49816859764113564 0.7556777192430972 0.331799497131759 0.3573184190923136
1 0.5360768400017446 0.5349168890035376 0.30468563617999445 0.3371642641297913
1 0.5871222920510754 0.3122139054760083 0.34543654222626263 0.26655987434818434
1 0.6986988859395625 0.13844255380556514 0.4166285411098943 0.24263589137883923
1 0.7115384615384616 0.9350961538461539 0.3701923076923077 0.125
1 0.7746948494908754 0.7677351435016332 0.3873092567308324 0.29683307887068366
1 0.8185096153846154 0.5576923076923077 0.3581730769230769 0.3076923076923077
1 0.8641826923076923 0.2620192307692308 0.2668269230769231 0.34615384615384615
1 0.9567307692307693 0.4675480769230769 0.08173076923076923 0.2860576923076923
1 0.9525146174627113 0.909596430529051 0.0925824408735718 0.1760989127444782
1 0.18624849671613963 0.1769688887304834 0.25333489096322 0.24173538098114966