1 0.06676775346182352 0.2690323465042207 0.13353550692364705 0.2214667474495111
1 0.45458572449765017 0.28249001466742896 0.27229278445612476 0.2635378846806292
1 0.19322793293668156 0.32516785774522433 0.3161635217866093 0.21713984475234788
1 0.6965351289779924 0.47534712258784056 0.3397203420578343 0.2946505307774494
1 0.4688911162178785 0.5024686426172259 0.32079032610769187 0.27002446013696324
1 0.23669494243404662 0.5405333865750671 0.24609020735185122 0.3201389183263199
1 0.07277900391481525 0.643360793244764 0.1455580078296305 0.3958028328879155
1 0.8603448228079785 0.6984927022365937 0.17691915275897357 0.3512744397572033
1 0.6412047155796311 0.7516787812498423 0.27349361748746376 0.3594398983621791
1 0.42123808185235195 0.7869199582666769 0.28298913680883125 0.3310134653031858
1 0.13594153316866164 0.8481036075700371 0.2718830663373233 0.29646676782927106
1 0.29391105908703885 0.9411476903600856 0.2770122128616808 0.09834405332470143
1 0.7388781288325517 0.9363933568487414 0.1717540446603987 0.07309983917050616
1 0.19902505894280653 0.13564176029982258 0.22607922366438707 0.22837304369300554