1 0.2403846153846154 0.9122596153846154 0.23076923076923078 0.17067307692307693
1 0.30099283056630816 0.5203035602407936 0.27802263165537966 0.2893498433994954
1 0.3133275289665213 0.7818140725075965 0.23260128775296912 0.3296922104097459
1 0.5231520060925209 0.294245172729081 0.3120680625080402 0.35881417216117295
1 0.5244736044510191 0.5214086342675426 0.28551387347321405 0.3378889028594152
1 0.5354315651766242 0.7527940468807692 0.33075341019403237 0.2662965358491647
1 0.6165865384615384 0.9146634615384616 0.4110576923076923 0.1658653846153846
1 0.7673933223734224 0.14649627128943604 0.359193994173557 0.19843354291961363
1 0.7951082803368764 0.3669407713604246 0.37177263165537977 0.29535761637845465
1 0.8047943921464845 0.5862299304739209 0.3453862646343312 0.3032785009228506
1 0.8317307692307693 0.8605769230769231 0.3173076923076923 0.27403846153846156
1 0.9423076923076923 0.7223557692307693 0.11057692307692307 0.2860576923076923
1 0.9748303425788388 0.28113841170457704 0.0490838551595885 0.1761578322969022
1 0.12338871989313811 0.7636348657040636 0.2392953750053601 0.24121203910043493