1 0.15704313186994248 0.6504605913814856 0.31408626373988496 0.2422477538580903
1 0.14511799762749608 0.16932348974906059 0.29023599525499216 0.26653159488273653
1 0.23296725774752491 0.789343754088523 0.2927413861122072 0.2687392167940683
1 0.3701923076923077 0.9050480769230769 0.4182692307692308 0.18509615384615385
1 0.33578046453717636 0.27776573031582574 0.3591679333153501 0.2237527263537096
1 0.04430058691456831 0.5087321771579857 0.08860117382913663 0.152079738931356
1 0.4026563973535856 0.17008301563295264 0.39357704670166715 0.2697690965181457
1 0.5853365384615384 0.9290865384615384 0.36778846153846156 0.13701923076923078
1 0.07572513112406601 0.7644718354345812 0.14096340409435687 0.2371463202848746
1 0.5359141883136306 0.32780430071964684 0.3674704133349022 0.2868413990812536
1 0.6841824862664522 0.45304908510758296 0.42347218281514176 0.3322199412744756
1 0.11899038461538461 0.9242788461538461 0.17067307692307693 0.1466346153846154
1 0.78125 0.8425480769230769 0.41346153846153844 0.31009615384615385
1 0.7302149469292323 0.22931954781312813 0.37510154470336887 0.3114685333472592
1 0.8294175487050351 0.6141553375606966 0.322342807190832 0.3143631384734749
1 0.8825837125401456 0.4644298928073508 0.22070992007820814 0.26766018182632034
1 0.10733997440139771 0.3490724338036482 0.21467994880279542 0.23179871376114256