1 0.8509615384615384 0.6426070095964777 0.2932692307692308 0.20251107501521387
1 0.8245192307692307 0.15983410056294958 0.33653846153846156 0.22021289818895903
1 0.7956730769230769 0.7814463466522477 0.2620192307692308 0.23139309161195326
1 0.6850961538461539 0.9158653846153846 0.3942307692307692 0.16346153846153846
1 0.6141826923076923 0.27250151996408095 0.3389423076923077 0.17472197383536364
1 0.953125 0.4953004168763677 0.0889423076923077 0.13895118353235672
1 0.53125 0.16645764093235121 0.36778846153846156 0.2177731892845272
1 0.4735576923076923 0.9411057692307693 0.35096153846153844 0.11298076923076923
1 0.9459134615384616 0.7543693437833077 0.10336538461538461 0.22417871433386147
1 0.421875 0.3264389297901703 0.33653846153846156 0.23703982126588213
1 0.29447115384615385 0.4538040743768776 0.3894230769230769 0.27710487010216905
1 0.9302884615384616 0.9254807692307693 0.13942307692307693 0.14423076923076922
1 0.22716346153846154 0.859375 0.44471153846153844 0.2764423076923077
1 0.2127403846153846 0.2312647331683502 0.34375 0.2616247405127884
1 0.15985576923076922 0.6190842997166786 0.3173076923076923 0.2692364468638756
1 0.09615384615384616 0.46882456431772457 0.19230769230769232 0.24053374402006447
1 0.8774038461538461 0.33691838016846726 0.23557692307692307 0.20294710565534813