1 0.836771996975505 0.34571114274985776 0.3033927263128056 0.20353587663700795
1 0.8107288379326625 0.8285227630857173 0.32813063564546224 0.22925527115488092
1 0.7759599204177001 0.20962466179426828 0.27312195322467897 0.23500450991761937
1 0.6615159464645836 0.08100869600599427 0.399266793348974 0.16201739201198853
1 0.6062933845959457 0.7228705256653173 0.345892564508422 0.1801192483076406
1 0.9382396238104358 0.48615157610198645 0.09045536918595386 0.14066674334126525
1 0.5250908143014873 0.8341027886176349 0.3782616809791342 0.22076599964241367
1 0.44862281046356856 0.062450019983769596 0.3527543790728629 0.12490003996753919
1 0.9301336875980332 0.2288307210001423 0.11920585459910554 0.22184269269554086
1 0.4120585977635524 0.6788778217552118 0.34771112877332927 0.2426192483076406
1 0.28122023123682127 0.5584833541322228 0.3992410696953911 0.2822068998720967
1 0.9099992718802727 0.06677954233863355 0.15090124692920553 0.1335590846772671
1 0.21723332541568913 0.14903846153846154 0.43446665083137825 0.2980769230769231
1 0.20510874545839775 0.7833099828494388 0.3532182688752166 0.26699389644198435
1 0.15329020870146226 0.40124950436947127 0.3065804174029245 0.27442406818413434
1 0.09146935247807127 0.5532043286305675 0.18293870495614253 0.24198094174861617
1 0.8614729113636539 0.6510501442709896 0.236294868343372 0.20604080275619469